Original                 Reverse Order            
------------------------------------------------
40.610000                141.648000               
5.161000                 140.616000               
8.551000                 126.086000               
114.260000               114.260000               
56.574000                112.200000               
-21.453000               99.288000                
140.616000               93.686000                
62.134000                80.176000                
141.648000               78.941000                
-20.153000               70.482000                
-74.950000               70.123000                
7.023000                 62.134000                
22.991000                60.868000                
78.941000                60.655000                
-99.844000               56.884000                
-58.318000               56.574000                
60.655000                48.896000                
80.176000                48.591000                
48.896000                46.771000                
-3.097000                41.230000                
48.591000                40.610000                
46.771000                40.115000                
-145.810000              22.991000                
40.115000                10.763000                
126.086000               8.551000                 
-70.795000               7.023000                 
-123.055000              5.161000                 
-73.492000               -3.097000                
10.763000                -20.153000               
99.288000                -20.370000               
-137.508000              -21.453000               
70.482000                -25.970000               
56.884000                -58.318000               
-64.903000               -64.903000               
-133.160000              -70.795000               
41.230000                -73.492000               
-25.970000               -74.950000               
60.868000                -99.844000               
-20.370000               -123.055000              
-130.907000              -130.907000              
112.200000               -133.160000              
70.123000                -137.508000              
93.686000                -145.810000              
