UnOrdered Doubles
40.61
5.161
8.551
114.26
56.574
-21.453
140.616
62.134
141.648
-20.153
-74.95
7.023
22.991
78.941
-99.844
-58.318
60.655
80.176
48.896
-3.097
48.591
46.771
-145.81
40.115
126.086
-70.795
-123.055
-73.492
10.763
99.288
-137.508
70.482
56.884
-64.903
-133.16
41.23
-25.97
60.868
-20.37
-130.907
112.2
70.123
93.686

Ordered Doubles
-145.81
-137.508
-133.16
-130.907
-123.055
-99.844
-74.95
-73.492
-70.795
-64.903
-58.318
-25.97
-21.453
-20.37
-20.153
-3.097
5.161
7.023
8.551
10.763
22.991
40.115
40.61
41.23
46.771
48.591
48.896
56.574
56.884
60.655
60.868
62.134
70.123
70.482
78.941
80.176
93.686
99.288
112.2
114.26
126.086
140.616
141.648
